Parameters
a=4
b=2
c=3
d=2
e=10
f=2
g=1
h=1.5

Points
1, a, 0, 0
2, b, c, 0
3,-b, c, 0
4,-a, 0, 0
5,-b,-c, 0
6, b,-c, 0
7, a, 0, d
8, b, c, d
9,-b, c, d
10,-a, 0, d
11,-b,-c, d
12, b,-c, d
13, f, 0, d
14, g, h, d
15,-g, h, d
16,-f, 0, d
17,-g,-h, d
18, g,-h, d
19, f, 0, e
20, g, h, e
21,-g, h, e
22,-f, 0, e
23,-g,-h, e
24, g,-h, e

Triangles
1,1,2,3
2,1,3,4
3,1,4,5
4,1,5,6
5,1,7,8
6,1,8,2
7,2,8,9
8,2,9,3
9,3,9,10
10,3,10,4
11,4,10,11
12,4,11,5
13,5,11,12
14,5,12,6
15,6,12,7
16,6,7,1
17,7,13,14
18,7,14,8
19,8,14,15
20,8,15,9
21,9,15,16
22,9,16,10
23,10,16,17
24,10,17,11
25,11,17,18
26,11,18,12
27,12,18,13
28,12,13,7
29,13,19,20
30,13,20,14
31,14,20,21
32,14,21,15
33,15,21,22
34,15,22,16
35,16,22,23
36,16,23,17
37,17,23,24
38,17,24,18
39,18,24,19
40,18,19,13
41,19,21,20
42,19,22,21
43,19,23,22
44,19,24,23














